272 144 60 19;
494 144 60 0;
622 144 60 41;
756 144 60 0;
1113 144 64 16;
1152 144 62 27;
1234 144 64 0;
1390 144 64 30;
1397 144 62 0;
1469 144 62 21;
1570 144 64 0;
1693 144 62 0;
1719 144 65 30;
1796 144 64 15;
1876 144 62 22;
1912 144 65 0;
1917 144 64 0;
2046 144 62 0;
2059 144 65 23;
2066 144 67 27;
2112 144 64 25;
2202 144 62 31;
2208 144 67 0;
2256 144 65 0;
2289 144 64 0;
2408 144 62 0;
2423 144 67 25;
2449 144 65 24;
2542 144 64 24;
2592 144 67 0;
2614 144 64 0;
2626 144 65 0;
2640 144 62 14;
2726 144 67 45;
2753 144 62 0;
2763 144 65 23;
2857 144 64 32;
2890 144 67 0;
2931 144 62 43;
2959 144 65 0;
2987 144 64 0;
3050 144 67 26;
3097 144 62 0;
3196 144 67 0;
