0 144 61 103;
5 144 57 109;
5 144 46 71;
5 144 64 109;
536 128 57 7;
578 128 61 8;
578 128 64 6;
593 128 46 7;
625 144 47 109;
645 144 61 100;
645 144 57 109;
645 144 64 109;
1010 128 47 9;
1177 128 57 6;
1192 128 61 8;
1223 128 64 9;
1255 144 57 109;
1260 144 66 109;
1270 144 62 109;
1276 144 39 94;
1656 128 39 6;
1750 128 57 6;
1781 128 66 5;
1791 128 62 7;
1843 144 36 104;
1843 144 66 109;
1848 144 57 109;
1854 144 62 109;
1859 144 43 73;
1864 144 59 98;
1869 144 52 77;
2468 144 67 109;
2661 128 59 4;
2692 128 57 6;
2807 128 62 10;
2906 128 67 6;
2921 128 66 5;
2947 128 36 5;
2963 128 43 7;
2984 144 56 109;
3104 128 52 7;
3515 144 41 88;
3515 144 61 84;
3520 144 63 90;
3526 144 67 97;
3536 144 55 80;
4635 144 48 109;
4640 128 55 11;
4708 128 41 7;
4786 128 63 5;
4796 128 61 5;
4812 144 41 103;
4817 128 67 8;
4833 128 48 6;
4864 128 56 6;
5015 144 44 109;
5067 128 41 9;
5182 144 63 109;
5182 144 58 95;
5192 144 53 78;
5192 144 59 96;
5218 144 55 62;
5281 128 55 36;
5557 128 53 11;
5614 128 63 7;
5630 128 44 9;
5640 128 59 4;
5661 144 43 88;
5666 144 44 1;
5666 144 53 90;
5677 144 45 58;
5687 144 55 109;
5687 144 63 97;
5692 144 59 84;
5744 128 45 46;
5890 128 44 3;
8291 128 59 3;
8395 128 63 5;
8416 128 53 6;
8437 128 58 7;
8442 128 55 8;
8479 128 43 7;
